10
17
914
1
991
136
722
578
81
126
73
636
273
703
2
800
19
142
54
137
720

683 
180 
180 
683 
970
180 
180 970 
179 180 202.0
180 179 202.0
235 683 199.0
683 235 199.0
5.874219974462832......................................[0.15330844834180368, 1.1054369240681936, 1.1705568526374464, 2.497823274215321, 3.672104370716063, 0.3184602767859843]
list.add(0.15330844834180368);
list.add(1.1054369240681936);
list.add(1.1705568526374464);
list.add(2.497823274215321);
list.add(3.672104370716063);
list.add(0.3184602767859843);
1.1748439948925664,0.3333333333333333
2.349687989785133,0.0
3.524531984677699,0.0
4.699375979570266,0.0
5.874219974462832,0.0